0	62976	66257	9.496981720261322	2702.6890166815015	9.97186771197809	1.994001032061468	7.977866679916622	
3375.829833984375
[5.85838639e-29 2.79862165e-30 3.07365868e-13 1.89913340e-22
 1.57884704e-35 1.58110645e-36 1.46593549e-23 8.93870563e-20
 6.95122480e-06 4.84867746e-09 2.41215314e-40 1.14681654e-18
 1.11083064e-04 2.45561337e-26 1.13947748e-03 2.30148267e-02
 1.64937123e-03 2.15098839e-02 1.08874030e-02 3.41424581e-15
 2.63134534e-05 1.51485624e-09 2.34521190e-06 3.72696718e-07
 3.10033554e-10 1.36546234e-07 1.05401829e-16 4.65566472e-06
 3.92445869e-13 9.35442115e-38 5.72873589e-11 2.85856007e-03
 2.46994081e-03 5.47497126e-04 7.99744949e-03 6.98044524e-03
 5.56175360e-42 1.22574673e-30 2.91146682e-26 1.59912545e-07
 7.20481575e-03 4.97491783e-40 1.22219871e-03 1.64264813e-03
 1.49190993e-04 9.74267891e-07 2.39065653e-16 1.78025439e-04
 5.09517349e-06 6.16906018e-32 3.34915418e-30 1.66034159e-10
 2.40799835e-07 2.30093208e-42 2.05946029e-16 1.05344107e-28
 2.10194770e-44 1.03994945e-28 1.68738524e-07 8.21505881e-14
 3.46497982e-25 6.19030609e-15 4.59096160e-34 2.38893305e-09
 8.71541772e-09 2.74717163e-12 8.50229446e-13 6.96395589e-12
 2.06041426e-28 8.56304479e-21 1.17232079e-18 3.92377109e-09
 2.62112865e-09 1.95973417e-20 2.68413807e-08 1.24890177e-16
 4.85659069e-09 7.25384447e-14 1.62250245e-28 5.29094250e-04
 1.40136953e-15 8.62910194e-25 7.80831575e-37 2.13361440e-09
 4.85898170e-07 9.69039927e-41 4.45853665e-09 2.78203089e-07
 1.64231587e-05 4.38378457e-12 1.49626114e-26 8.84807109e-17
 7.77829467e-28 3.04680192e-08 4.38350822e-39 2.68291545e-15
 5.10497426e-04 2.36815758e-04 5.81121178e-08 8.96964775e-06
 2.15230803e-18 1.27063482e-03 5.63267294e-19 6.67197435e-39
 8.91099626e-06 1.89692691e-05 3.59900831e-03 1.88180371e-41
 4.58224598e-43 2.14557427e-10 1.93142377e-13 3.52616626e-20
 8.26035851e-10 3.74998003e-15 9.23068479e-13 7.27727080e-12
 6.42981577e-35 2.87503052e-08 1.48282020e-22 7.01617068e-07
 7.78164235e-07 6.82910322e-05 6.57807732e-07 3.09242983e-04
 3.85037310e-06 7.59731732e-31 4.38256095e-41 2.80609980e-11
 1.49824689e-06 5.99788413e-11 3.90774944e-17 5.88646840e-32
 5.40540881e-20 8.96631611e-24 3.57386367e-15 6.13496949e-22
 1.45205910e-25 1.63476293e-32 3.09067663e-36 1.00652472e-12
 4.87228726e-06 3.09375379e-37 7.30255225e-15 4.34617179e-15
 7.28043359e-09 3.75554195e-30 3.43445334e-38 4.85850606e-25
 2.80259693e-45 1.86873018e-04 1.04424230e-29 1.55772721e-11
 4.02572836e-11 7.00227349e-35 3.29575960e-05 6.26570138e-04
 3.29644347e-19 2.83069639e-20 2.35114123e-10 1.54299687e-20
 9.80908925e-45 1.41020164e-30 2.12648345e-04 8.50050621e-14
 7.59065166e-09 3.41536914e-04 9.29981063e-04 1.72831511e-04
 5.21661205e-18 6.38812240e-23 2.09741698e-35 5.53127465e-27
 2.76522402e-16 2.08779458e-31 2.02144547e-05 6.45966211e-04
 7.25703803e-11 7.33920569e-06 2.26818491e-04 3.79801902e-04
 6.04136572e-18 5.74318392e-39 1.13835889e-29 5.52990471e-34
 2.00955734e-18 2.31723211e-27 2.84683962e-37 3.13863624e-09
 1.60409109e-05 6.52793197e-09 4.51363218e-20 7.33601536e-30
 9.50138579e-12 6.19421826e-33 9.00000000e-01]
[4.26892939e-08 6.28808094e-03 8.69750886e-12 1.16313179e-03
 7.83951208e-03 5.99038974e-33 6.06950547e-04 1.82075449e-03
 5.15812388e-08 4.12599370e-20 1.10264322e-04 5.19103769e-18
 1.43522622e-20 5.09563688e-05 7.76039732e-10 1.33475147e-14
 7.53220957e-05 1.68825127e-03 6.55979791e-04 2.53693014e-03
 1.63334876e-03 3.75076354e-07 1.82023866e-03 3.46057725e-08
 3.66565352e-03 3.20500112e-05 2.48261582e-04 1.80531095e-03
 1.13078005e-20 3.80692632e-32 7.65548379e-04 5.60239126e-42
 3.80230722e-06 4.80159564e-04 6.68880311e-05 1.06441885e-05
 1.59120669e-13 6.66429009e-03 1.06395036e-03 1.24806145e-04
 6.10262249e-03 1.81299358e-04 1.12667459e-03 4.46641643e-05
 7.37810973e-03 2.77037499e-03 5.06263420e-17 5.07702907e-07
 2.12028157e-03 2.82147620e-03 3.61106842e-08 1.17321019e-06
 3.17066151e-04 1.55574130e-03 1.85804497e-11 4.13417638e-08
 4.43381214e-05 1.12040048e-04 3.53067663e-32 4.36825270e-04
 1.42194285e-05 3.12143052e-03 9.09111171e-04 2.67720874e-03
 5.04059426e-04 2.78858540e-26 1.53076090e-03 7.63940742e-19
 2.82305700e-04 1.01824808e-05 3.23997036e-12 3.80425109e-03
 3.50783034e-06 1.32645611e-04 1.90253732e-39 1.65177113e-03
 2.00235005e-03 7.42038238e-31 5.42669776e-09 4.23529673e-05
 1.04258061e-06 1.69484678e-03 2.56152765e-04 8.72433873e-07
 9.43166985e-14 4.26193001e-04 3.81913327e-04 5.28789544e-03
 4.54447279e-03 7.51112748e-05 6.10170673e-06 4.40436928e-03
 4.44613417e-16 9.00000000e-01]
0	62976	66257	None	None	1.0	1.0	0.0	
3375.829833984375
None
None
0	62976	66257	None	None	1.0	1.0	0.0	
3375.829833984375
None
None
0	62976	66257	9.463901112262352	2702.7439537796045	9.971965704500303	1.9938382954876337	7.978127409012669	
3375.829833984375
[1.60825246e-16 7.63476323e-16 3.42402586e-08 4.63676497e-06
 2.76092726e-09 6.63694360e-16 2.08384837e-11 8.87066243e-09
 4.59227482e-11 5.67266911e-27 4.99349042e-18 1.46393892e-32
 7.99222234e-13 5.34768896e-10 2.27932349e-34 8.09566016e-32
 4.31237047e-16 2.22168801e-18 4.83541410e-16 1.53410372e-39
 4.35308644e-20 7.90359236e-19 2.22146855e-06 4.82806583e-21
 2.38856318e-20 4.34915137e-28 5.41470619e-08 1.02006743e-05
 1.98739745e-08 2.57275678e-04 3.26550419e-11 1.39836501e-03
 1.41533206e-07 3.19613576e-31 3.25259275e-15 1.14327332e-11
 2.31093313e-12 1.64741787e-09 1.20765142e-09 5.91957878e-08
 2.41179257e-27 5.41525139e-07 5.88407101e-11 1.94326610e-13
 2.02683866e-27 5.16515000e-24 2.86907593e-39 5.80188050e-15
 6.21241588e-06 4.12408780e-15 2.99847164e-25 2.60232294e-35
 3.06277941e-12 2.22845623e-15 1.79138968e-27 1.87336791e-05
 2.48614668e-07 6.93207292e-22 1.20317793e-06 1.10542215e-18
 8.72945379e-13 5.69872929e-23 8.68002718e-13 5.92453219e-03
 2.64745780e-15 1.12415268e-03 2.96430779e-04 2.75859547e-05
 6.19423126e-28 1.13749806e-23 6.53036409e-07 1.27471419e-17
 6.66686377e-15 1.82995784e-12 3.01892473e-03 3.34298678e-23
 1.44222939e-10 6.03167863e-11 6.67235775e-38 3.11595487e-33
 7.74316916e-16 1.24192220e-05 6.05833743e-14 7.22623419e-11
 6.35718028e-21 4.02847218e-04 1.77234327e-09 3.91069751e-26
 6.45902720e-10 2.36291586e-09 6.84562554e-27 6.99816439e-07
 1.54409382e-32 1.01862886e-29 9.80908925e-45 3.25106022e-08
 7.49517276e-05 9.39969791e-09 2.01967713e-26 4.01752270e-42
 7.95207455e-33 2.63495048e-33 2.78157745e-42 8.78421382e-22
 4.07274895e-21 1.93943331e-17 1.53322127e-20 2.41640181e-23
 2.65764488e-13 1.39999356e-05 1.17533391e-33 1.13229221e-03
 6.17897091e-03 4.61027195e-43 7.66959955e-13 4.90355366e-29
 9.77029330e-14 3.15054693e-09 2.92384676e-08 2.90441484e-08
 3.97278109e-06 2.67254218e-05 9.97932847e-11 2.47482372e-08
 1.41607541e-06 2.73014784e-08 1.01208782e-40 1.84429045e-05
 1.68372791e-20 4.35316948e-20 6.36801818e-17 5.73712844e-27
 3.44658802e-18 4.55952628e-27 6.05369227e-11 6.86122811e-21
 5.18925214e-21 2.10320887e-41 9.34326130e-14 1.55044564e-12
 1.12558721e-11 3.24707689e-05 1.07745897e-30 6.87804248e-04
 5.71708441e-08 3.41330815e-05 4.14010265e-15 3.63244536e-13
 1.60878772e-05 7.41550155e-10 1.47420596e-05 5.61140218e-13
 1.56454204e-04 1.72372693e-05 1.97073696e-05 3.90814080e-07
 4.42438359e-05 6.46543995e-05 3.69621334e-09 1.98240729e-12
 2.47728565e-07 6.33294808e-22 5.13266687e-15 9.48150264e-05
 2.29955767e-05 6.88489718e-06 2.27455070e-15 1.24766582e-12
 2.01291573e-06 1.16666783e-07 1.78546351e-32 3.98588745e-04
 8.82400386e-03 1.04082748e-03 3.29731442e-02 2.19395068e-02
 6.51512073e-06 5.59940063e-19 7.39472111e-26 7.37530519e-20
 8.28085667e-15 6.35516284e-15 6.55878303e-12 4.15531127e-03
 4.91671946e-11 2.15793092e-10 9.76722037e-10 1.61985980e-07
 1.24093651e-06 7.13551540e-17 7.73334389e-15 1.32694220e-06
 9.99413768e-13 1.92596462e-31 7.99321709e-27 8.88666273e-06
 6.90881519e-11 1.31262965e-07 8.62541310e-06 8.69518755e-32
 6.38730596e-11 7.73904843e-35 1.06413169e-13 2.66277814e-18
 3.61595785e-21 7.21964568e-08 7.10954060e-17 1.28736951e-06
 6.84682299e-28 1.30741147e-42 1.06610223e-13 1.23059854e-10
 3.02495442e-13 5.57612246e-12 6.14727644e-11 4.82978317e-27
 8.52343019e-32 4.02011651e-08 3.89418165e-05 4.47193733e-18
 1.40650125e-09 9.39914938e-15 2.03614955e-16 1.01567448e-17
 2.05811021e-22 1.92436372e-31 5.88233846e-39 8.00883802e-36
 5.90535303e-19 1.45267447e-16 2.93091568e-03 1.62457081e-03
 7.51934523e-25 1.48298443e-06 9.57664917e-04 1.23741060e-07
 7.59288469e-06 1.70098327e-04 1.82199567e-09 4.43536877e-14
 2.02750211e-36 5.83189154e-30 1.44915742e-27 6.98060754e-37
 4.01684328e-12 5.26724164e-10 1.31580813e-09 7.37557862e-11
 3.41691828e-36 1.67585093e-22 7.98470902e-21 4.64198573e-23
 1.72519877e-24 4.06962942e-20 3.27301963e-10 3.17266931e-05
 6.83832184e-07 1.52064487e-03 9.59474278e-10 2.20949055e-08
 8.82380235e-04 2.15421764e-10 6.69519409e-18 2.40582244e-06
 2.34377119e-04 2.66238817e-06 2.59597640e-04 9.25445534e-07
 5.05742719e-07 1.15497369e-06 1.29477664e-08 3.10897121e-08
 1.45656740e-12 1.06722280e-25 1.44972972e-38 4.12997595e-15
 1.22281583e-26 4.68922678e-28 5.10419935e-11 1.68775669e-16
 6.61057418e-13 1.46362550e-14 1.52341195e-09 2.69230970e-12
 4.77738382e-09 5.70127936e-21 6.85197418e-27 1.44261939e-37
 6.46004856e-14 1.19100754e-07 1.25613267e-04 3.49031393e-06
 8.70405081e-09 8.08023615e-05 2.63123610e-07 3.33220326e-15
 3.34554273e-09 3.01834979e-09 6.20675603e-13 1.27259928e-19
 3.05014140e-19 1.35770887e-12 1.08271275e-29 1.83453411e-14
 1.10173556e-12 6.22178928e-38 7.44324822e-21 2.28290276e-09
 2.31515980e-08 1.19195175e-11 5.85119179e-14 5.02532044e-13
 3.25880141e-38 3.07449113e-31 1.94003540e-22 3.04607500e-04
 7.17698470e-07 5.53980039e-13 4.97568431e-10 5.20671311e-24
 5.92180659e-05 8.01049246e-05 1.20299262e-07 4.35292422e-05
 5.59680484e-06 3.57058685e-29 8.73903482e-05 4.44349723e-14
 7.06561613e-14 1.34556032e-32 7.85569336e-23 5.26935537e-07
 6.63656216e-24 3.81689688e-06 1.77230477e-18 3.03101662e-18
 9.95327810e-07 2.25908960e-15 1.21195443e-10 1.31733836e-15
 1.33977710e-18 3.05766949e-25 1.87123845e-21 7.78673531e-41
 1.46626960e-13 4.86323135e-33 1.05686090e-15 8.25635011e-37
 1.53645040e-16 2.48752324e-10 1.10139996e-11 1.24938133e-33
 6.53944483e-07 5.17639653e-42 3.38478329e-10 1.83330658e-25
 6.68637997e-13 6.07933571e-14 1.82168800e-43 9.00000000e-01]
[5.26021267e-07 2.64956980e-05 9.77985212e-04 1.24070959e-06
 1.58815601e-05 1.69187515e-05 8.66566319e-04 1.04016622e-10
 1.07585583e-05 1.48132781e-03 5.76243177e-03 4.62722892e-05
 9.96793504e-04 7.27890666e-22 5.34457096e-04 4.75391353e-05
 5.11037797e-05 2.80814388e-21 5.51692849e-12 6.22661345e-09
 6.98419928e-04 3.53313144e-03 1.74353481e-03 2.29323260e-03
 1.97251884e-05 8.96829530e-19 3.40969521e-14 2.87159821e-07
 6.63205268e-09 4.21301555e-03 8.07243050e-04 8.34095664e-03
 7.75666907e-03 7.06641174e-07 2.51252786e-03 6.58502799e-08
 1.27017172e-03 6.58407858e-14 3.50256713e-09 5.81366755e-03
 1.26568112e-03 9.03501495e-05 7.11175198e-06 1.17155236e-04
 3.44052142e-03 8.28665579e-21 9.82672162e-03 4.44670206e-07
 3.40349526e-09 1.00713551e-21 6.08805175e-27 3.55387951e-04
 5.54722315e-03 9.79041681e-03 8.87292437e-04 5.89065603e-04
 2.06285878e-12 7.08188891e-05 1.97272777e-04 4.08865715e-04
 4.24076745e-04 1.37414053e-14 1.02709560e-02 2.16066116e-03
 1.47045944e-06 2.43059080e-03 8.98011096e-18 1.02123657e-07
 2.25386145e-07 1.68938350e-04 9.19267527e-12 6.01854845e-06
 4.83453681e-04 3.31283873e-24 6.37472040e-05 1.59824194e-32
 2.63889902e-04 2.75118930e-13 1.26528472e-03 7.25713028e-14
 2.62412470e-07 6.36027105e-35 2.67365321e-17 5.23193329e-08
 2.62646099e-05 9.00000000e-01]
0	62976	66257	9.35950881193556	2702.8138016282533	9.972274938986223	1.993631389772346	7.978643549213876	
3375.829833984375
[4.66034871e-13 5.28449746e-08 7.43377825e-07 2.90985316e-08
 1.03498545e-38 4.89129910e-22 3.15864151e-20 4.79610526e-06
 2.35199832e-10 1.72682962e-27 7.07877628e-24 9.52866253e-31
 1.16627443e-30 7.09256162e-24 1.57680437e-38 7.25144875e-11
 4.29787228e-08 4.49665467e-40 3.45101519e-30 4.70308869e-23
 1.78847723e-40 7.44288263e-06 8.15030362e-05 3.48419326e-06
 2.42320588e-16 9.67150982e-07 7.60281367e-08 3.50337298e-28
 1.37374832e-15 2.93013493e-15 2.83312040e-10 2.83161391e-28
 1.56945428e-43 3.72479647e-22 5.13250427e-07 8.45310218e-14
 5.82585855e-11 6.08535122e-28 1.26483840e-17 9.88618227e-18
 1.33598633e-06 1.59776570e-09 5.32284161e-10 2.02533355e-11
 4.71455405e-06 8.39058301e-14 5.15179637e-22 2.84109081e-14
 5.91608250e-06 2.30146251e-13 2.04044726e-19 2.26339555e-11
 3.31583754e-36 9.37296313e-30 1.05342945e-20 2.45380495e-12
 7.86560286e-28 3.63928223e-07 8.35312822e-24 3.91420217e-05
 2.24403149e-10 1.60263336e-21 2.00166034e-12 1.35033898e-38
 1.63436331e-18 7.93993257e-12 4.82670184e-05 1.33456662e-03
 3.58083382e-13 5.92643415e-15 1.44633272e-09 6.99216740e-10
 1.63556506e-13 3.03251824e-09 6.92306867e-06 3.05231331e-23
 2.89425004e-17 3.62069059e-08 4.19421024e-25 9.86652275e-13
 4.38060579e-06 1.10861834e-03 1.56779806e-05 3.64544794e-09
 2.15720974e-12 2.34356173e-10 2.00718802e-07 4.57751639e-07
 7.49997837e-19 1.03187081e-31 3.41593918e-08 4.11756931e-36
 4.46839364e-25 5.06107397e-18 2.06201646e-30 1.59937152e-29
 1.89289277e-21 2.12518116e-05 2.57465942e-03 5.99392482e-23
 7.74344855e-08 3.65461966e-11 5.38986716e-15 6.35673691e-09
 7.70764658e-04 1.76327692e-17 8.46200080e-19 1.27869639e-13
 2.65924557e-19 6.95411475e-14 1.22775506e-29 2.52391905e-24
 6.67090525e-17 3.55276006e-06 2.11664633e-06 2.79151177e-14
 1.27162039e-03 5.66565031e-05 5.91926837e-05 1.74860575e-03
 8.54113185e-34 4.95388490e-30 9.13520567e-18 1.39811708e-16
 2.98893670e-18 5.88720551e-15 1.86863112e-11 3.57469723e-14
 5.40022285e-08 4.71929479e-06 4.35716391e-14 1.17998034e-17
 3.92553662e-36 2.10331596e-11 9.44979761e-10 4.20793045e-09
 1.44757714e-13 1.62242952e-06 2.35687210e-07 3.35164106e-04
 7.84420584e-10 6.96151517e-04 3.92669201e-04 2.06182408e-03
 3.05316132e-02 1.49076674e-02 1.68829169e-02 9.76902246e-03
 2.41585933e-08 5.60519386e-45 2.15690778e-21 1.37163787e-34
 5.03495520e-13 1.02179749e-08 2.23810986e-15 1.47771417e-24
 2.00762069e-39 1.88906770e-23 6.09519102e-09 2.71131954e-04
 3.80719118e-14 4.55085514e-13 9.31322771e-30 8.04270286e-08
 1.80563222e-06 4.01982393e-21 6.80521813e-20 1.15300521e-12
 2.82724758e-32 1.01401412e-08 1.05160036e-09 4.32254128e-28
 3.83557144e-15 1.71524036e-14 1.96613559e-10 8.04600053e-10
 6.08118503e-17 2.06076841e-13 9.55015273e-27 1.97375573e-21
 1.14782710e-19 1.48093197e-15 1.79366456e-38 3.85979620e-05
 2.39765952e-18 3.10479640e-03 3.59908823e-04 2.03407868e-15
 7.56407397e-28 5.19455294e-04 1.23512549e-14 8.47727060e-03
 3.24006239e-11 1.41466805e-23 2.64841038e-10 2.84111196e-22
 9.91221459e-05 7.11124565e-04 3.12784531e-38 9.86908580e-16
 5.23756341e-07 2.13597348e-04 1.76895628e-04 4.17815027e-05
 6.78076642e-04 5.40824549e-04 3.08876607e-22 2.42837972e-15
 5.74323925e-35 4.64073428e-14 1.06652699e-11 1.25245729e-22
 4.79119186e-13 5.45570642e-13 6.39304012e-14 8.79289610e-12
 6.22741534e-17 2.24265406e-17 1.44158565e-30 6.52023928e-08
 2.77779395e-41 1.68155816e-44 7.00562679e-24 2.12997367e-43
 3.61535004e-43 2.83192036e-33 2.46581955e-09 5.50440859e-30
 2.41076145e-06 6.52210398e-29 2.36443094e-36 2.38220739e-44
 9.00000000e-01]
[2.24342713e-08 1.85905216e-14 5.08357887e-04 8.98838493e-07
 2.46587274e-20 4.42599291e-10 1.74243345e-12 1.40129846e-45
 1.60689143e-10 2.08839166e-25 4.65623269e-11 4.64378827e-04
 1.13370700e-03 2.15814122e-08 4.03796404e-27 3.85618293e-09
 1.53086707e-03 6.62818274e-35 7.73504091e-13 1.99927695e-06
 3.70290723e-16 7.75885746e-06 6.49695139e-05 1.33969003e-09
 2.17422667e-40 2.31728974e-17 1.08052674e-07 9.10151630e-06
 4.99874881e-13 1.61591837e-10 4.97224961e-12 1.54381019e-09
 7.00519200e-12 1.40586053e-03 8.39006214e-04 6.69049623e-05
 1.08198259e-11 1.01450460e-05 1.26023087e-06 3.02369296e-10
 3.34901138e-08 2.48221318e-17 1.88018646e-04 4.50815896e-05
 9.86821082e-15 5.87177285e-09 6.68511866e-03 4.50240734e-08
 1.07158496e-25 3.25257861e-04 6.88223190e-06 2.26508696e-02
 1.50948472e-04 1.63621120e-02 2.31751916e-03 1.47804720e-04
 6.87972488e-06 9.78719814e-11 6.35000532e-08 2.75848996e-11
 5.62032195e-16 4.70180484e-03 8.73765860e-09 1.23930836e-41
 4.15703467e-25 2.14524349e-07 8.55139263e-07 4.95939512e-09
 4.69966413e-04 8.59374460e-03 2.15799964e-43 1.18033188e-06
 7.41012720e-03 4.21995137e-05 1.10342540e-12 8.80310836e-07
 2.23276380e-04 1.70380167e-06 1.34742079e-10 7.41885066e-28
 7.57374808e-21 2.68858178e-12 7.02437291e-08 2.04824042e-02
 1.16583999e-06 1.32947680e-08 3.13690561e-03 1.46001810e-06
 9.00000000e-01]





reg = 1-10, iterations=5000

0	3072	21024	9.59273560663367	324.6030318280616	9.761827423188617	1.940615930474087	7.8212114927145295	
0	3072	21024	10.604072182358893	324.4284242633191	9.736717522515706	1.9449511623965359	7.79176636011917	
0	3072	21024	11.322989875924911	324.8269431641424	9.718867923963911	1.9350565632530452	7.783811360710866	
0	3072	21024	None	None	1.0	1.0	0.0	
0	3072	21024	None	None	1.0	1.0	0.0	
0	3072	21024	None	None	1.0	1.0	0.0	
0	3072	21024	None	None	1.0	1.0	0.0	
0	3072	21024	None	None	1.0	1.0	0.0	
0	3072	21024	11.957270170180262	324.8141957271618	9.70311973926475	1.935373062116133	7.767746677148617	
0	3072	21024	None	None	1.0	1.0	0.0	

reg = 1-4


0	3072	21024	11.996191438178887	324.6030318280616	9.702153385236855	1.940615930474087	7.761537454762768	
0	3072	21024	10.543548534816253	324.4284242633191	9.738220229739627	1.9449511623965359	7.793269067343091	
0	3072	21024	13.723874366765203	324.8269431641424	9.659257728368143	1.9350565632530452	7.7242011651150975	
0	3072	21024	None	None	1.0	1.0	0.0	
0	3072	21024	None	None	1.0	1.0	0.0	
0	3072	21024	None	None	1.0	1.0	0.0	
0	3072	21024	None	None	1.0	1.0	0.0	
0	3072	21024	None	None	1.0	1.0	0.0	
0	3072	21024	13.861160995099848	324.8141957271618	9.65584911675066	1.935373062116133	7.720476054634528	
0	3072	21024	None	None	1.0	1.0	0.0	




reg = 1e-4, iterations=2000
0	3072	21024	12.031097616355444	324.6030318280616	9.701286719590698	1.940615930474087	7.7606707891166105	
0	3072	21024	10.514901854211914	324.4284242633191	9.738931481880456	1.9449511623965359	7.793980319483921	
0	3072	21024	13.723883214549147	324.8269431641424	9.659257508691546	1.9350565632530452	7.7242009454385006	
0	3072	21024	None	None	1.0	1.0	0.0	
0	3072	21024	None	None	1.0	1.0	0.0	
0	3072	21024	None	None	1.0	1.0	0.0	
0	3072	21024	None	None	1.0	1.0	0.0	
0	3072	21024	None	None	1.0	1.0	0.0	
0	3072	21024	13.924015433626115	324.8141957271618	9.65428853964297	1.935373062116133	7.718915477526837	
0	3072	21024	None	None	1.0	1.0	0.0	





0	3072	21024	12.088413056261905	324.6030318280616	9.699863667129607	1.940615930474087	7.75924773665552	402.7640686035156	
[0.00759833 0.00759833 0.00759833 0.00759833 0.00844473 0.00844473 0.00844473 0.00844473 0.00895694 0.00895694 0.00895694 0.00895694 0.9       ]
[3.56566094e-35 6.33846577e-37 1.80852989e-24 1.47234580e-08 4.18653313e-18 5.32858502e-22 2.35379237e-28 7.32735694e-18 1.21345371e-16 7.87313661e-19 6.37414269e-05 9.75004479e-31 7.45150943e-22 7.16510415e-03 1.92528771e-09 4.44167239e-26 2.30342937e-12 1.22799817e-02 8.04908946e-02 2.59681116e-07 4.17948510e-23 2.58721820e-12 7.32684841e-27 9.00000000e-01]
[[ 11.91037083  12.96269989  13.93982601  12.38022995  14.6045599   14.9451046   14.876297    10.31522083  12.3044014   11.7724781   12.48064232  11.33034992  14.89782715  14.32084656  13.10430527  15.30603218  11.05039501  11.67001343  12.42339039  13.79923534  14.31352043  14.75978851  14.28120041  10.63193512]
 [ 14.39735985  13.69453621  16.42681503  14.86721897  17.78936958  16.66875267  16.33913422  13.10069275  17.13043594  13.49612617  11.61116409   9.80126858  13.24353123  12.79176521  14.48559952  15.45189857  15.1392746   12.61938095  13.95281124  15.7628212   15.03198814  16.62957382  14.62174702  10.20867538]
 [ 11.70954323  14.94628143  13.73899841  12.1794014   16.33798409  17.67918968  15.14558125  12.16816521  15.17629623  15.67592812  13.16096687  11.35107231  14.58934879  14.34156895  15.59038544  14.34428501  12.90333939  11.51176834  14.03638744  15.41223145  16.58179283  15.22030449  14.08037186  13.62444019]
 [ 12.99102211  12.08728218  14.68491173  13.46088123  15.30298042  15.1805706   15.39364719  12.50497913  14.73388481  12.00794411  11.60079765   9.79090118  13.23316479  12.78139877  14.59445953  14.02681923  13.28879547  10.44159985  10.98108292  12.35692787  13.43810272  14.32486248  13.18271542   9.7443676 ]
 [ 13.8609314   12.65541458  15.25304413  13.71326256  16.62624741  15.74870396  14.68578815  11.15375423  16.81608963  12.57607746  11.91247654  10.10258198  15.39895439  13.09307861  14.66603851  15.02893829  12.56636047  11.44371986  11.98320198  13.35904694  14.00623512  14.4424057   15.06249619  11.49222946]
 [ 13.03962517  15.10547543  15.06908035  13.50948429  17.55390167  14.05087566  16.22146606  11.649189    13.64956856  10.87824917  12.75070572  10.94081116  15.30549622  13.93130684  15.65092468  15.06043243  12.38436317  12.22791576  13.40381527  14.77965927  16.45629501  13.28313255  15.4104538   10.25530434]
 [ 14.76847076  12.97159481  14.0696764   13.48573971  14.6805954   14.95787621  14.68002701  12.68532562  12.10813046  11.78524971  12.28437138  11.1967926   14.00451756  14.18728828  14.30280972  15.42932224  14.1731081   11.47374249  13.84936047  15.1473999   14.32241535  13.539114    14.78922939  12.14959812]
 [ 12.28492737  13.8558445   14.31438255  12.75478649  15.02871227  16.65080261  15.53959465  10.41353607  15.37968063  13.47817612  12.49097633  10.68108177  14.33535957  13.67157841  14.11395073  14.88867474  11.14871025  11.30345535  11.84293842  13.21878242  15.08614826  14.22086334  14.12340546  14.10286903]
 [ 13.20004463  12.19092941  15.22949982  13.66990376  14.97637177  17.23992157  14.98787785  13.64660454  14.25155067  14.7457695   11.26628208   9.45638657  12.89865017  12.4468832   14.76074982  15.41578197  14.79439354  11.83056259  12.37004566  13.74589062  14.68710709  13.15566254  15.05624199  13.31984711]
 [ 12.34723282  13.2870903   14.376688    12.81709194  16.07253456  14.91849327  14.73680878  11.82354927  15.34771252  11.74586678  12.37593079  10.56603622  14.64540386  13.55653286  13.43673611  16.68983078  12.73679161  13.87917805  14.52497959  15.50018501  15.82575321  16.24394035  14.71806145  12.27167892]
 [ 12.98583221  15.05095863  14.26467514  13.45569134  15.72938919  15.9122591   14.86676121  12.88032436  12.3031292   12.73963261  11.53134537   9.72144985  13.16371346  12.71194649  14.46940231  14.95968437  14.11750221  11.66874123  13.44600868  14.82185364  14.95217037  14.97469711  13.21021938   9.71646118]
 [ 12.89508057  13.90269852  15.26986694  14.74230194  15.00758266  16.11507607  14.91161346  10.52702141  13.308321    12.94244957  12.55073547  10.74084091  15.21166039  13.73133755  12.95536327  15.32645798  11.26219559  11.97636223  12.5158453   13.8916893   14.81971455  13.62212467  13.62916946  12.43251228]
 [  8.45455551  14.87320232  10.4840107    8.92441368  15.67021751  14.89892387  11.89059353  11.94755173  11.92130852  17.89879417  12.11054325  11.40411854  15.20362568  14.2272892   12.33539772  13.3990078   16.90880013  11.60669899  12.14618301  13.52202702  14.63876152  16.87067032  10.82538414 402.7640686 ]]

0	3072	21024	10.527848882924664	324.4284242633191	9.738610027467761	1.9449511623965359	7.793658865071225	402.7640686035156	
[0.00762472 0.00718767 0.00776919 0.00762472 0.00823419 0.00779918 0.00837765 0.00823419 0.00935615 0.00894478 0.00949141 0.00935615 0.9       ]
[2.11512128e-35 1.32831730e-04 1.40220961e-02 8.54296833e-02 5.40940373e-27 1.80669531e-23 1.02796156e-13 3.90951376e-04 2.35254205e-10 6.66178613e-26 2.46055743e-06 4.73978843e-15 1.36590904e-06 2.06162240e-05 5.60149051e-18 1.83070411e-26 5.03596979e-34 9.98181695e-25 2.03188885e-22 9.00000000e-01]
[[ 13.93982601  12.38022995  12.75450325  13.6216774   14.9451046   10.31522083  12.3044014   12.48064232  13.64061356  14.32084656  13.10430527  11.05039501  13.77268314  11.67001343  12.42339039  15.58262062  13.79923534  14.31352043  14.75978851  10.63193512]
 [ 16.42681503  14.86721897  15.56178379  16.92316437  16.66875267  13.10069275  17.13043594  11.61116409  16.83337212  12.79176521  14.48559952  15.1392746   12.99627018  12.61938095  13.95281124  14.55257988  15.7628212   15.03198814  16.62957382  10.20867538]
 [ 13.73899841  12.1794014   14.60744667  13.42084885  17.67918968  12.16816521  15.17629623  13.16096687  13.439785    14.34156895  15.59038544  12.90333939  15.94328117  11.51176834  14.03638744  15.38179207  15.41223145  16.58179283  15.22030449  13.62444019]
 [ 14.68491173  13.46088123  14.42834282  15.74115944  15.1805706   12.50497913  14.73388481  11.60079765  14.95799637  12.78139877  14.59445953  13.28879547  13.47582054  10.44159985  10.98108292  14.8152914   12.35692787  13.43810272  14.32486248   9.7443676 ]
 [ 15.25304413  13.71326256  14.27046871  14.98681259  15.74870396  11.15375423  16.81608963  11.91247654  15.59117413  13.09307861  14.66603851  12.56636047  15.00106812  11.44371986  11.98320198  15.46856403  13.35904694  14.00623512  14.4424057   11.49222946]
 [ 15.06908035  13.50948429  14.08847141  14.75093174  14.05087566  11.649189    13.64956856  12.75070572  14.7698679   13.93130684  15.65092468  12.38436317  14.49250603  12.22791576  13.40381527  16.22001839  14.77965927  16.45629501  13.28313255  10.25530434]
 [ 14.0696764   13.48573971  15.32281876  14.64528656  14.95787621  12.68532562  12.10813046  12.28437138  16.15833282  14.18728828  14.30280972  14.1731081   13.5764122   11.47374249  13.84936047  15.84968376  15.1473999   14.32241535  13.539114    12.14959812]
 [ 14.31438255  12.75478649  12.85281849  13.99623299  16.65080261  10.41353607  15.37968063  12.49097633  14.0151701   13.67157841  14.11395073  11.14871025  14.02280045  11.30345535  11.84293842  15.11448956  13.21878242  15.08614826  14.22086334  14.10286903]
 [ 15.22949982  13.66990376  14.97603416  16.51497841  17.23992157  13.64660454  14.25155067  11.26628208  15.67220211  12.4468832   14.76074982  14.79439354  14.18709469  11.83056259  12.37004566  13.94996834  13.74589062  14.68710709  13.15566254  13.31984711]
 [ 14.376688    12.81709194  14.4409008   14.05853844  14.91849327  11.82354927  15.34771252  12.37593079  14.07747555  13.55653286  13.43673611  12.73679161  13.20144176  13.87917805  14.52497959  14.40585899  15.50018501  15.82575321  16.24394035  12.27167892]
 [ 14.26467514  13.45569134  14.42315292  14.8402853   15.9122591   12.88032436  12.3031292   11.53134537  16.02062225  12.71194649  14.46940231  14.11750221  13.77141094  11.66874123  13.44600868  14.95001793  14.82185364  14.95217037  14.97469711   9.71646118]
 [ 15.26986694  14.74230194  12.96630383  15.19151783  16.11507607  10.52702141  13.308321    12.55073547  15.21045399  13.73133755  12.95536327  11.26219559  14.61975574  11.97636223  12.5158453   14.05610371  13.8916893   14.81971455  13.62212467  12.43251228]
 [ 10.4840107    8.92441368  12.29847527  10.16586113  14.89892387  11.94755173  11.92130852  12.11054325  10.18479729  14.2272892   12.33539772  16.90880013  12.90708542  11.60669899  12.14618301  12.12680435  13.52202702  14.63876152  16.87067032 402.7640686 ]]

0	3072	21024	13.723883214549147	324.8269431641424	9.659257508691546	1.9350565632530452	7.7242009454385006	402.7640686035156	
[1.17812416e-23 8.59793075e-16 8.55888960e-09 1.81043589e-07 9.99998078e-02 8.40921899e-38 4.13893385e-17 9.00000000e-01]
[8.53405982e-06 2.20786001e-10 8.16227985e-27 6.52210721e-25 3.13227916e-10 6.07879174e-23 1.92547148e-15 8.41668900e-03 1.27328263e-08 8.23115576e-10 3.80301178e-35 1.23468965e-15 2.74010162e-17 2.56482646e-23 7.45533831e-36 3.77297287e-13 2.93678695e-05 9.15454030e-02 9.00000000e-01]
[[ 12.74727249  13.52444744  13.92931366  13.48214817  14.44960308  16.98699951  11.12985516  13.10069275  13.18720055  12.12830639  16.13967133  15.99638271  13.38650227  16.87501526  15.70845795  14.31154633  14.06160164  12.49320221  10.20867538]
 [ 13.69273376  12.48223782  12.13148117  12.65519905  14.44613457  17.49888611  12.53152275  12.16816521   9.68488503  11.96407413  16.80083656  12.49406815  14.49128819  17.82183266  14.60084438  15.20130444  14.42703533  14.04300594  13.62444019]
 [ 13.59929085  11.96326256  13.46156311  13.98528194  12.80141163  15.69840908  12.79943848  11.649189    11.01496887  12.68022156  14.56284237  13.82415104  13.18699455  17.59737015  13.71929455  15.16356468  14.91362     15.07135487  10.25530434]
 [ 12.95092773  13.73037434  13.62198257  15.88136292  14.93463707  15.74270058  12.93619919  13.64660454  12.91104889  11.78342438  15.04465008  15.72023201  13.66165257  16.41491699  15.73919868  14.3701992   14.90290451  12.1483202   13.31984711]
 [ 12.69985771  12.31569099  12.76917076  13.2928896   13.66902924  14.86977673  11.33502769  11.82354927  10.32257557  12.65688038  14.17172623  13.13175869  12.33763885  16.55874062  14.58691216  14.55930519  14.3093605   13.89507484  12.27167892]
 [ 12.77802086  13.05814838  13.40777016  13.37092113  15.06153393  14.35196972  13.29970741  12.88032436  12.26572227  12.04848766  13.84174728  15.0749054   13.37030506  16.25093079  14.92370796  14.09547138  14.09235191  12.41338348   9.71646118]
 [ 12.8746624   10.84109497  13.80387306  13.77839279  15.42830753  15.04672527  13.07324791  10.52702141  11.45555401  12.29101944  14.84694099  14.26473713  11.85626602  16.52598572  13.74703312  13.87090302  15.33792305  15.24530315  12.43251228]
 [ 13.77533054  12.19729996   8.87649345   9.40021133  19.80516815  14.61258411   9.27653503  11.94755173   6.42989779  10.38670731  17.64707756   9.23908043  11.23630047  15.92671776  14.17341995  13.85058117  11.17204857  14.06426144 402.7640686 ]]

0	3072	21024	11.814992119913894	324.8141957271618	9.706652280058663	1.935373062116133	7.77127921794253	402.7640686035156	
[6.72274560e-04 5.41784568e-04 9.94482194e-04 8.22820875e-04 5.89880534e-03 4.93316492e-03 6.40908629e-03 5.40648820e-03 1.90694686e-02 1.84174515e-02 1.90694686e-02 1.77647062e-02 9.00000000e-01]
[1.09953876e-15 1.40179488e-30 1.91166506e-18 1.59132270e-15 5.42644402e-12 2.72574271e-39 9.05386610e-19 1.27414885e-39 2.06081903e-38 9.27570654e-36 4.64402475e-12 1.11139745e-29 6.35229256e-08 4.62055226e-07 2.14935415e-15 9.48139653e-02 4.53829343e-14 3.57384561e-03 1.59627979e-03 6.00953342e-14 7.39202369e-06 7.96007953e-06 3.79883254e-08 9.00000000e-01]
[[ 11.91037083  12.96269989  13.93982601  12.38022995  14.6045599   12.58731747  14.9451046   11.51985359  14.05750656  10.31522083  12.3044014   11.7724781   12.48064232  11.33034992  14.89782715  14.32084656  13.10430527  11.67001343  12.42339039  15.58262062  13.79923534  14.31352043  14.75978851  10.63193512]
 [ 14.39735985  13.69453621  16.42681503  14.86721897  17.78936958  15.25763702  16.66875267  13.88379765  13.6000967   13.10069275  17.13043594  13.49612617  11.61116409   9.80126858  13.24353123  12.79176521  14.48559952  12.61938095  13.95281124  14.55257988  15.7628212   15.03198814  16.62957382  10.20867538]
 [ 11.70954323  14.94628143  13.73899841  12.1794014   16.33798409  14.5800972   17.67918968  13.84366322  14.07753181  12.16816521  15.17629623  15.67592812  13.16096687  11.35107231  14.58934879  14.34156895  15.59038544  11.51176834  14.03638744  15.38179207  15.41223145  16.58179283  15.22030449  13.62444019]
 [ 12.99102211  12.08728218  14.68491173  13.46088123  15.30298042  14.30909348  15.1805706   13.30975151  13.10131836  12.50497913  14.73388481  12.00794411  11.60079765   9.79090118  13.23316479  12.78139877  14.59445953  10.44159985  10.98108292  14.8152914   12.35692787  13.43810272  14.32486248   9.7443676 ]
 [ 13.8609314   12.65541458  15.25304413  13.71326256  16.62624741  13.60429096  15.74870396  14.89992905  13.04915428  11.15375423  16.81608963  12.57607746  11.91247654  10.10258198  15.39895439  13.09307861  14.66603851  11.44371986  11.98320198  15.46856403  13.35904694  14.00623512  14.4424057   11.49222946]
 [ 13.03962517  15.10547543  15.06908035  13.50948429  17.55390167  13.93248463  14.05087566  12.86502075  12.14035988  11.649189    13.64956856  10.87824917  12.75070572  10.94081116  15.30549622  13.93130684  15.65092468  12.22791576  13.40381527  16.22001839  14.77965927  16.45629501  13.28313255  10.25530434]
 [ 14.76847076  12.97159481  14.0696764   13.48573971  14.6805954   12.39104652  14.95787621  11.32358265  12.39634132  12.68532562  12.10813046  11.78524971  12.28437138  11.1967926   14.00451756  14.18728828  14.30280972  11.47374249  13.84936047  15.84968376  15.1473999   14.32241535  13.539114    12.14959812]
 [ 12.28492737  13.8558445   14.31438255  12.75478649  15.02871227  14.45809746  16.65080261  14.41904831  13.07809067  10.41353607  15.37968063  13.47817612  12.49097633  10.68108177  14.33535957  13.67157841  14.11395073  11.30345535  11.84293842  15.11448956  13.21878242  15.08614826  14.22086334  14.10286903]
 [ 13.20004463  12.19092941  15.22949982  13.66990376  14.97637177  13.90638161  17.23992157  13.46700191  12.01288986  13.64660454  14.25155067  14.7457695   11.26628208   9.45638657  12.89865017  12.4468832   14.76074982  11.83056259  12.37004566  13.94996834  13.74589062  14.68710709  13.15566254  13.31984711]
 [ 12.34723282  13.2870903   14.376688    12.81709194  16.07253456  13.65531158  14.91849327  14.48135376  14.68885803  11.82354927  15.34771252  11.74586678  12.37593079  10.56603622  14.64540386  13.55653286  13.43673611  13.87917805  14.52497959  14.40585899  15.50018501  15.82575321  16.24394035  12.27167892]
 [ 12.98583221  15.05095863  14.26467514  13.45569134  15.72938919  12.58604527  15.9122591   11.51858139  13.52027893  12.88032436  12.3031292   12.73963261  11.53134537   9.72144985  13.16371346  12.71194649  14.46940231  11.66874123  13.44600868  14.95001793  14.82185364  14.95217037  14.97469711   9.71646118]
 [ 12.89508057  13.90269852  15.26986694  14.74230194  15.00758266  13.59123802  16.11507607  12.52377319  12.47935104  10.52702141  13.308321    12.94244957  12.55073547  10.74084091  15.21166039  13.73133755  12.95536327  11.97636223  12.5158453   14.05610371  13.8916893   14.81971455  13.62212467  12.43251228]
 [  8.45455551  14.87320232  10.4840107    8.92441368  15.67021751  11.32510948  14.89892387  10.5886755   15.96068382  11.94755173  11.92130852  17.89879417  12.11054325  11.40411854  15.20362568  14.2272892   12.33539772  11.60669899  12.14618301  12.12680435  13.52202702  14.63876152  16.87067032 402.7640686 ]]
0	3072	21024	324.6030318280651	324.6030318280616	1.9406159304739994	1.940615930474087	8.770761894538737e-14	402.7640686035156	
0	3072	21024	324.428424263321	324.4284242633191	1.944951162396487	1.9449511623965359	4.884981308350689e-14	402.7640686035156	
0	3072	21024	324.6030318280617	324.6030318280616	1.9406159304740838	1.940615930474087	3.3306690738754696e-15	402.7640686035156	
0	3072	21024	324.4284242633199	324.4284242633191	1.9449511623965148	1.9449511623965359	2.1094237467877974e-14	402.7640686035156	
0	3072	21024	324.8269431641425	324.8269431641424	1.9350565632530419	1.9350565632530452	3.3306690738754696e-15	402.7640686035156	
0	3072	21024	324.8141957271624	324.8141957271618	1.9353730621161174	1.935373062116133	1.554312234475219e-14	402.7640686035156	
0	3072	21024	324.6030318280651	324.6030318280616	1.9406159304739994	1.940615930474087	8.770761894538737e-14	402.7640686035156	
0	3072	21024	324.428424263321	324.4284242633191	1.944951162396487	1.9449511623965359	4.884981308350689e-14	402.7640686035156	
0	3072	21024	324.8269431641482	324.8269431641424	1.9350565632529009	1.9350565632530452	1.4432899320127035e-13	402.7640686035156	
0	3072	21024	324.814195727159	324.8141957271618	1.9353730621162029	1.935373062116133	6.994405055138486e-14	402.7640686035156	
