0	4515	32520	78.65979977446104	78.65979977446126	1.785196732691902	1.7851967326918787	2.3314683517128287e-14	95.75372314453125	
0	19133	20393	27.18915670085847	27.18915670083838	1.4093037736104521	1.4093037736167993	6.34714503178202e-12	31.649538040161133	
0	14598	23576	31.041946038638432	31.04194603863813	1.447810205765562	1.4478102057656452	8.326672684688674e-14	36.29707336425781	
0	10964	21209	29.56201498300445	29.562014983002904	1.4220201230075482	1.4220201230079956	4.474198789239381e-13	34.462677001953125	
0	19180	23962	8.836760936363758	8.710565403214359	-0.2472716221478755	-0.10093294500179265	0.14633867714608287	8.623525619506836	
0	11542	36722	17.267940473724856	17.266964278868823	0.525851620340776	0.5263872148969185	0.0005355945561424935	18.226377487182617	
0	15479	27189	65.03952200858498	65.03952200858524	1.7398815245015602	1.739881524501528	3.219646771412954e-14	78.73921203613281	
0	12540	23177	11.216821488793297	11.216627446075982	0.5351782394509198	0.5353419738684774	0.00016373441755757057	11.851064682006836	
0	6854	22570	12.893492744111205	12.893313951998408	0.6322023004444223	0.6323322022775558	0.00012990183313354997	13.763632774353027	
0	15910	40041	16.113814679889945	16.113806184219968	0.9778714516430356	0.9778762083706107	4.756727575161435e-06	17.86032485961914	
0	6805	27020	11.091629662534537	11.030384360335114	0.08890549814093542	0.14363217008741772	0.0547266719464823	11.19112491607666	
0	15902	33398	9.29871898913705	9.224213934436564	-0.49575829256581116	-0.41166208032149776	0.0840962122443134	8.859501838684082	
0	17338	38799	8.811197618695845	8.764326264941637	-0.15438775098303606	-0.10037126865788396	0.054016482325152104	8.677231788635254	
0	10885	20552	33.63511380024898	33.63511380024897	1.5704389827783687	1.5704389827783698	1.1102230246251565e-15	39.90138244628906	
0	17475	39897	54.216932489870146	54.21693248987002	1.6694721721714594	1.6694721721714794	1.9984014443252818e-14	65.08222961425781	
0	8773	43793	9.20590817534082	9.18256070965193	-0.040697421570548016	-0.015232814051371339	0.025464607519176678	9.168594360351562	
0	14812	34124	19.524546962541418	19.5245469482875	1.3378446067339436	1.3378446130577595	6.3238159153655715e-09	22.540056228637695	
0	17848	28422	11.388341519769742	7796.02510876152	9.988310601679423	1.9978828650904905	7.9904277365889325	9742.453125	
0	4963	31105	48.20013020807165	48.2001302080716	1.6925837432963358	1.6925837432963435	7.771561172376096e-15	58.02060317993164	
0	8090	44484	213.19550367700654	213.19550367700776	1.9151201415421286	1.915120141542082	4.6629367034256575e-14	263.6965637207031	
0	13583	38285	33.449091651116845	33.44909165094064	1.2734758284690952	1.2734758285150662	4.597100478065386e-11	38.33037185668945	
0	10956	23723	19.04505673429494	19.045054015068207	1.049815167116316	1.049816445011267	1.2778949509684168e-06	21.278953552246094	
0	15161	25555	7.109150714874992	7.061364795922723	-0.3618053444489045	-0.29215590104169303	0.06964944340721146	6.860918998718262	
0	15834	29448	17.255821419655867	17.255814036340308	0.914166125804289	0.9141700133954369	3.887591147888614e-06	18.992006301879883	
0	3372	34181	10.75481358022869	10.746769120197882	0.30713998480574883	0.3143901174458708	0.007250132640121976	11.095603942871094	
0	17447	22989	9.6037236444792	9.546414092527954	-0.09998869091686127	-0.03971771186574769	0.06027097905111358	9.508647918701172	
0	3483	34487	14.271013708821291	14.270677470757489	0.6258723292932901	0.6260931922678582	0.00022086297456813675	15.223831176757812	
0	8589	35259	16.351425362285063	16.348127519793476	0.5863775026549091	0.5882760921407594	0.0018985894858503105	17.36996078491211	
0	17526	23254	8.220529410817438	8.127116433373635	-0.3835654056184691	-0.2655730340146501	0.11799237160381898	7.916865825653076	
0	3794	32938	83.08745084131345	83.08745084131343	1.819914396729722	1.8199143967297253	3.3306690738754696e-15	101.57283782958984	
0	17610	27669	25.103333478740723	25.103333336042304	1.131493326673654	1.131493377086157	5.041250306092593e-08	28.306156158447266	
0	16697	36726	77.29042883952063	77.29042883952067	1.856103792436226	1.8561037924362216	4.440892098500626e-15	94.90596008300781	
0	5221	24835	564.0469519410033	564.0469519410133	1.9696520840312686	1.9696520840311265	1.4210854715202004e-13	702.3941650390625	
0	6906	22586	86.44492188677812	86.44492188677849	1.8035266968822166	1.8035266968821821	3.441691376337985e-14	105.46599578857422	
0	18758	42057	15.357583870678132	15.34571242829703	0.5012163015719319	0.5085588799563957	0.007342578384463838	16.16794776916504	
0	3106	42012	6.1935701104200165	6.062460981459998	-1.165104068699501	-0.9287545896272633	0.23634947907223758	5.547256946563721	
0	16484	36370	16.36653728819161	16.366507156500056	0.9136788902401107	0.9136956186549363	1.672841482558418e-05	18.01228141784668	
0	17991	33993	20.541071122504682	20.541071054056914	1.1785715921923614	1.1785716215874744	2.9395113010366458e-08	23.285425186157227	
0	9186	25702	12.29012363153028	12.28855210000294	0.5420969892100881	0.5433063662033223	0.0012093769932342013	12.99455451965332	
0	10906	21524	22.69546575311909	22.695465102295984	1.1593744831524546	1.1593747366693221	2.535168674988597e-07	25.67178726196289	
0	3592	25540	7.523911288621891	7.381006760570568	-1.0741873298430173	-0.8638510495207876	0.21033628032222973	6.794097900390625	
0	15578	25918	29.555820733626113	29.555820733622753	1.4662548747667072	1.4662548747676776	9.703349235223868e-13	34.634056091308594	
0	5686	20259	38.45601411067775	38.45601411067767	1.6538741230788183	1.653874123078836	1.7763568394002505e-14	46.07648468017578	
0	12023	28072	19.276461672659657	19.276460738152068	1.133545486528226	1.133545916366915	4.298386890866368e-07	21.740890502929688	
0	15363	22398	49.19748491248978	49.19748491248973	1.6073414630926146	1.6073414630926224	7.771561172376096e-15	58.619667053222656	
0	9263	25937	56.782033508984156	56.78203350898426	1.717357726359278	1.7173577263592625	1.554312234475219e-14	68.55545806884766	
0	18852	38990	24.542939058655275	24.542939057603306	1.3050578088549638	1.3050578092276501	3.726863262443203e-10	28.2266845703125	
0	18595	40373	22.532116753654336	22.53211310799883	1.0074810073725373	1.0074824623457537	1.454973216352684e-06	25.0565128326416	
0	11561	28899	78.73632782192591	78.73632782192614	1.75132012387935	1.7513201238793268	2.3314683517128287e-14	95.4532470703125	
0	15414	23016	13.76640285486474	13.765477918999316	0.5641298582365252	0.5647638346505247	0.0006339764139995374	14.589436531066895	
0	15482	21300	7.964686494277369	7.916565027047673	-0.43719857249042937	-0.3741385500480155	0.06306002244241388	7.6310577392578125	
0	16877	19847	69.48221681849078	69.48221681849095	1.792841891132974	1.792841891132954	1.9984014443252818e-14	84.66050720214844	
0	9017	33002	19.07124583448838	19.07124325353751	1.0750369304158094	1.0750381382493936	1.2078335842602428e-06	21.368431091308594	
0	7498	32458	21.423495760723807	21.423494628265097	1.076806240121966	1.076806711807288	4.7168532191221857e-07	24.00877571105957	
0	9155	19822	16.850176915188577	16.849808179368157	0.7363432421673167	0.7365459606367953	0.00020271846947861327	18.189552307128906	
0	5292	30779	154.27530728241894	154.27530728241817	1.8676826153844488	1.8676826153844899	4.107825191113079e-14	189.70645141601562	
0	6912	20828	27.62651625925664	27.626516257785052	1.1892151654234242	1.18921516589275	4.69325689422817e-10	31.3553409576416	
0	9931	26481	35.07638721132639	35.07638721132161	1.4123695668783112	1.4123695668794813	1.170175067954915e-12	40.845245361328125	
0	18620	43729	54.15437932111953	54.154379321119414	1.646374966794058	1.6463749667940757	1.7763568394002505e-14	64.82740020751953	
0	7262	20322	61.66828592054559	61.66828592054571	1.6328154749633044	1.6328154749632877	1.6653345369377348e-14	73.70255279541016	
0	15202	26386	11.371863956299206	11.371543137914356	0.6699786676795639	0.6702418824336233	0.0002632147540593266	12.188465118408203	
0	7853	33887	43.679428122089774	43.67942812208972	1.6134795716401378	1.6134795716401489	1.1102230246251565e-14	52.0828971862793	
0	9143	38404	175.18903698765223	175.18903698765115	1.9165719393397478	1.9165719393397977	4.9960036108132044e-14	216.72616577148438	
0	7056	24062	17.81950767818828	17.819500507927607	0.9902073338931474	0.9902109592773725	3.6253842250477675e-06	19.77793312072754	
0	18259	24414	17.755838046230398	17.75583739951232	1.129391824725179	1.1293921478179372	3.2309275810327165e-07	20.016483306884766	
0	5032	38027	31.83434440580004	31.834344405799612	1.4752087941703298	1.4752087941704441	1.1435297153639112e-13	37.34325408935547	
0	6967	32608	36.92210238719578	36.92210238719582	1.5684360417309777	1.5684360417309677	9.992007221626409e-15	43.79033660888672	
0	3859	23392	7.873614402338479	7.808189819394934	-0.6548643922706711	-0.5663294420478994	0.08853495022277169	7.389689922332764	
0	17863	31557	186.53068494106358	186.5306849410618	1.922373904957218	1.9223739049572957	7.771561172376096e-14	230.9226531982422	
0	17671	22991	77.64879394115334	77.64879394115377	1.7355814214174063	1.7355814214173608	4.551914400963142e-14	93.9555435180664	
0	5082	32764	9.845390529162831	8465.354127311977	9.99069379327578	1.998251844945787	7.992441948329993	10579.380859375	
0	18507	39289	22.598864285940326	22.598863963123403	1.1013852280689787	1.1013853551825983	1.27113619630137e-07	25.39593505859375	
0	9527	19503	43.89078472220437	43.890784722204394	1.6430730553850186	1.6430730553850152	3.3306690738754696e-15	52.52024459838867	
0	17047	21717	21.642499877787852	21.642499749243193	1.2059724443756628	1.2059724966073961	5.223173338286813e-08	24.61045265197754	
0	15515	40747	26.341405239642814	26.341405237051255	1.304515323457355	1.3045153243128473	8.55492343632136e-10	30.29319953918457	
0	12755	23546	10.109586841293046	10.108452656616358	0.35566852809084565	0.35675051622191983	0.0010819881310741852	10.482413291931152	
0	11461	20005	6.758231470854291	6.701460894379171	-0.8397586590988328	-0.7487023893362289	0.09105626976260395	6.2346696853637695	
0	7523	29133	11.814161909242259	11.770239469146118	0.21925690780491341	0.2556195466330314	0.036362638828117966	12.079002380371094	
0	7100	25109	24.67326642829926	24.673266391471287	1.2374126500356621	1.2374126631149331	1.3079270999583059e-08	28.157512664794922	
0	12853	34201	550.1632331602929	550.1632331602959	1.9688951061982412	1.9688951061981967	4.440892098500626e-14	685.04052734375	
0	9857	22495	18.81055631041918	18.81055429877144	1.0398325787048226	1.0398335369274427	9.582226201398925e-07	20.993532180786133	
0	7895	26475	195.42812325519625	195.42812325519654	1.9152339832632364	1.9152339832632252	1.1102230246251565e-14	241.72390747070312	
0	7494	21057	17.704611379370725	17.70458925362733	0.993944559174267	0.9939558141895524	1.1255015285316361e-05	19.6585636138916	
0	15920	39098	61.31531755954195	61.31531755954207	1.611175400816655	1.6111754008166383	1.6653345369377348e-14	73.09166717529297	
0	14084	43959	468.5058845362298	468.50588453623146	1.9631052396115982	1.9631052396115694	2.886579864025407e-14	582.9439086914062	
0	15291	35271	9.172541053466526	9.169031104024535	0.19327796541245174	0.19703058950346636	0.0037526240910146225	9.353320121765137	
0	8925	23556	14.852739276797836	14.85270154893301	0.8775095037308491	0.8775326760280191	2.3172297169971046e-05	16.281452178955078	
0	5195	21650	151.37728140986118	151.37728140986127	1.9039626607609832	1.9039626607609788	4.440892098500626e-15	186.9770050048828	
0	14928	19694	20.101443260804032	20.101443237345105	1.2495298565190929	1.2495298667311285	1.0212035661538721e-08	22.971843719482422	
0	6328	35087	27.863904329880928	27.86390432988048	1.5257272430295936	1.5257272430297302	1.3655743202889425e-13	32.880584716796875	
0	15945	25189	72.7191911335	72.71919113350033	1.7332203218314106	1.733220321831374	3.6637359812630166e-14	87.96556091308594	
0	11848	28536	23.284921800868915	23.28492179806273	1.3035284015873607	1.3035284026354168	1.048056086361271e-09	26.775136947631836	
0	6144	23964	18.620698649103907	18.620697329128845	0.991657834506914	0.9916584730859082	6.385789941276698e-07	20.67050552368164	
0	6185	41417	159.67165466915867	159.67165466915824	1.8793421329427622	1.8793421329427833	2.1094237467877974e-14	196.62403869628906	
0	3127	26169	17.022949233535062	17.02294688766218	0.9381059953145512	0.9381072441023566	1.2487878053857315e-06	18.785200119018555	
0	12768	43928	10.75800407180055	10.686222740080268	-0.03489246328121088	0.03206400372480989	0.06695646700602077	10.720597267150879	
0	16502	35996	12.44562593776142	12.443873934785339	0.45383392136095335	0.45517775986803855	0.0013438385070851933	13.03730297088623	
0	6634	43937	6.9827845286915515	6.863878430240925	-0.6311839949827293	-0.4501512557423838	0.18103273924034546	6.568209648132324	
0	18039	38741	18.049040160693384	18.049014875869066	0.9361290609047415	0.9361417584433531	1.269753861166123e-05	19.913169860839844	
0	14663	28731	15.630296045644199	15.582540756892357	0.4590451902221283	0.48819569706976995	0.029150506847641644	16.3823184967041	
0	14496	25280	8.948128674445853	8.836930299592598	-0.4486026903665775	-0.31875792830206034	0.12984476206451717	8.563947677612305	
0	16588	27056	153.52353389963673	153.5235338996349	1.9069612991513545	1.90696129915145	9.547918011776346e-14	189.69825744628906	
0	6818	35082	23.995868308042873	23.995868307859798	1.377468025367944	1.3774680254337293	6.578515510113903e-11	27.829259872436523	
0	5028	22708	238.93277135501228	238.9327713550089	1.9285385844726581	1.9285385844727725	1.1435297153639112e-13	296.0216979980469	
0	7829	30941	19.12950596176963	19.129501515462273	0.9844806279255971	0.9844827234198663	2.0954942692164025e-06	21.21841812133789	
0	15388	30653	17.651732048274585	17.617588645959973	0.5353251051021247	0.5536324418456074	0.018307336743482727	18.65011978149414	
0	8386	34326	20.872821150929944	20.872818651681598	1.0480849941190298	1.0480860659942028	1.071875173064285e-06	23.316598892211914	
0	13218	37615	63.72152716598393	63.721527165983986	1.7228654483554955	1.7228654483554888	6.661338147750939e-15	76.9850082397461	
0	13411	23657	4.358371882060401	4.299814391604697	-2.308630822959879	-2.143256561322178	0.16537426163770075	3.540907144546509	
0	5553	27058	9.605536446887983	9.587706442412955	0.04560264031908346	0.06408020796464965	0.01847756764556619	9.649540901184082	
0	9437	35107	22.65797353373708	22.6579735328489	1.3514169487830832	1.3514169491221042	3.390210334686117e-10	26.1984806060791	
0	7573	28799	29.10746826773526	29.10746826377558	1.2498626341835508	1.2498626353738886	1.1903378283051325e-09	33.26515579223633	
0	7006	40091	8.652003844066433	8.565302764448829	-0.3882517295129052	-0.2841518404558863	0.10409988905701889	8.328642845153809	
0	5334	22192	22.176243029533868	22.176241942326634	1.0572323826176646	1.0572328210436701	4.3842600550014765e-07	24.797964096069336	
0	16322	27857	122.89905941583974	122.89905941583928	1.8641398890595489	1.86413988905958	3.108624468950438e-14	151.0584716796875	







0	4515	32520	78.65973712138687	78.65979977446126	1.7852032758394802	1.7851967326918787	6.543147601512089e-06	95.75372314453125	
0	19133	20393	27.18915652635884	27.18915670083838	1.409303828745421	1.4093037736167993	5.512862166767718e-08	31.649538040161133	
0	14598	23576	31.041946038638542	31.04194603863813	1.447810205765532	1.4478102057656452	1.1324274851176597e-13	36.29707336425781	
0	10964	21209	29.562014981506568	29.562014983002904	1.422020123442186	1.4220201230079956	4.341904613625047e-10	34.462677001953125	
0	19180	23962	8.714296324045742	8.710565403214359	-0.10525938988756425	-0.10093294500179265	0.004326444885771608	8.623525619506836	
0	11542	36722	17.266964331119144	17.266964278868823	0.5263871862294979	0.5263872148969185	2.8667420659544973e-08	18.226377487182617	
0	15479	27189	65.03952200858633	65.03952200858524	1.739881524501388	1.739881524501528	1.3988810110276972e-13	78.73921203613281	
0	12540	23177	11.216626880149834	11.216627446075982	0.5353424514003814	0.5353419738684774	4.775319040195569e-07	11.851064682006836	
0	6854	22570	12.893313953172193	12.893313951998408	0.6323322014247402	0.6323322022775558	8.528155959197647e-10	13.763632774353027	
0	15910	40041	16.113806184220103	16.113806184219968	0.9778762083705352	0.9778762083706107	7.549516567451064e-14	17.86032485961914	
0	6805	27020	11.031612436973623	11.030384360335114	0.14253480351549722	0.14363217008741772	0.0010973665719204995	11.19112491607666	
0	15902	33398	9.228461846661403	9.224213934436564	-0.4164568332344555	-0.41166208032149776	0.004794752912957723	8.859501838684082	
0	17338	38799	8.766589705037337	8.764326264941637	-0.10297975043044974	-0.10037126865788396	0.002608481772565785	8.677231788635254	
0	10885	20552	33.63511361411108	33.63511380024897	1.5704390294278552	1.5704389827783698	4.664948538568581e-08	39.90138244628906	
0	17475	39897	54.21693218581355	54.21693248987002	1.6694722188902948	1.6694721721714794	4.6718815482904574e-08	65.08222961425781	
0	8773	43793	9.183116515424318	9.18256070965193	-0.015839020139831742	-0.015232814051371339	0.0006062060884604037	9.168594360351562	
0	14812	34124	19.52454694828771	19.5245469482875	1.3378446130576673	1.3378446130577595	9.214851104388799e-14	22.540056228637695	
0	17848	28422	11.388341519769742	7796.02510876152	9.988310601679423	1.9978828650904905	7.9904277365889325	9742.453125	
0	4963	31105	48.2001301715199	48.2001302080716	1.6925837495961231	1.6925837432963435	6.299779586882437e-09	58.02060317993164	
0	8090	44484	213.19550367701868	213.19550367700776	1.915120141541669	1.915120141542082	4.1300296516055823e-13	263.6965637207031	
0	13583	38285	33.44909163828432	33.44909165094064	1.2734758318169683	1.2734758285150662	3.301902085084407e-09	38.33037185668945	
0	10956	23723	19.045054015003767	19.045054015068207	1.0498164450415506	1.049816445011267	3.0283553442700395e-11	21.278953552246094	
0	15161	25555	7.0640908545957775	7.061364795922723	-0.2961292152195228	-0.29215590104169303	0.0039733141778297565	6.860918998718262	
0	15834	29448	17.255814036340414	17.255814036340308	0.9141700133953814	0.9141700133954369	5.551115123125783e-14	18.992006301879883	
0	3372	34181	10.747147168332948	10.746769120197882	0.3140493986017135	0.3143901174458708	0.00034071884415731724	11.095603942871094	
0	17447	22989	9.556303225899214	9.546414092527954	-0.0501178586119644	-0.03971771186574769	0.010400146746216705	9.508647918701172	
0	3483	34487	14.270677638820288	14.270677470757489	0.626093081873308	0.6260931922678582	1.1039455016792488e-07	15.223831176757812	
0	8589	35259	16.348170109255395	16.348127519793476	0.5882515731090544	0.5882760921407594	2.4519031704972605e-05	17.36996078491211	
0	17526	23254	8.131504681439228	8.127116433373635	-0.2711159447601808	-0.2655730340146501	0.005542910745530705	7.916865825653076	
0	3794	32938	83.08745084131063	83.08745084131343	1.8199143967300007	1.8199143967297253	2.753353101070388e-13	101.57283782958984	
0	17610	27669	25.103333335799288	25.103333336042304	1.1314933771720095	1.131493377086157	8.585243627123873e-11	28.306156158447266	
0	16697	36726	77.2904288395217	77.29042883952067	1.856103792436114	1.8561037924362216	1.0769163338864018e-13	94.90596008300781	
0	5221	24835	564.0469519408754	564.0469519410133	1.9696520840330904	1.9696520840311265	1.963984530561902e-12	702.3941650390625	
0	6906	22586	86.4449218867788	86.44492188677849	1.8035266968821522	1.8035266968821821	2.9976021664879227e-14	105.46599578857422	
0	18758	42057	15.346610634897916	15.34571242829703	0.5080033322680256	0.5085588799563957	0.0005555476883700727	16.16794776916504	
0	3106	42012	6.066063627574172	6.062460981459998	-0.9352490537360605	-0.9287545896272633	0.006494464108797171	5.547256946563721	
0	16484	36370	16.366507156500038	16.366507156500056	0.9136956186549463	0.9136956186549363	9.992007221626409e-15	18.01228141784668	
0	17991	33993	20.541065792236413	20.541071054056914	1.1785738812930449	1.1785716215874744	2.2597055704398628e-06	23.285425186157227	
0	9186	25702	12.288552411242142	12.28855210000294	0.5433061266882234	0.5433063662033223	2.395150988654393e-07	12.99455451965332	
0	10906	21524	22.695465082763114	22.695465102295984	1.1593747442780125	1.1593747366693221	7.60869034444056e-09	25.67178726196289	
0	3592	25540	7.38369687969754	7.381006760570568	-0.8678105437265129	-0.8638510495207876	0.003959494205725278	6.794097900390625	
0	15578	25918	29.555820730254748	29.555820733622753	1.466254875740133	1.4662548747676776	9.724554494994209e-10	34.634056091308594	
0	5686	20259	38.456014110676705	38.45601411067767	1.6538741230790448	1.653874123078836	2.0872192862952943e-13	46.07648468017578	
0	12023	28072	19.27646073815212	19.276460738152068	1.1335459163668906	1.133545916366915	2.4424906541753444e-14	21.740890502929688	
0	15363	22398	49.19748491249054	49.19748491248973	1.6073414630924847	1.6073414630926224	1.376676550535194e-13	58.619667053222656	
0	9263	25937	56.78203350898334	56.78203350898426	1.7173577263593969	1.7173577263592625	1.3433698597964394e-13	68.55545806884766	
0	18852	38990	24.542937901673554	24.542939057603306	1.3050582187443074	1.3050578092276501	4.0951665725152964e-07	28.2266845703125	
0	18595	40373	22.53210867353475	22.53211310799883	1.0074842321307622	1.0074824623457537	1.7697850085429678e-06	25.0565128326416	
0	11561	28899	78.73632782192641	78.73632782192614	1.751320123879298	1.7513201238793268	2.886579864025407e-14	95.4532470703125	
0	15414	23016	13.765479066480822	13.765477918999316	0.564763048135224	0.5647638346505247	7.865153006658687e-07	14.589436531066895	
0	15482	21300	7.918629821826201	7.916565027047673	-0.37684432800053413	-0.3741385500480155	0.00270577795251864	7.6310577392578125	
0	16877	19847	69.48221681845094	69.48221681849095	1.7928418911376802	1.792841891132954	4.726219415829291e-12	84.66050720214844	
0	9017	33002	19.071243184422254	19.07124325353751	1.0750381705939562	1.0750381382493936	3.234456258383034e-08	21.368431091308594	
0	7498	32458	21.42349462820863	21.423494628265097	1.076806711830807	1.076806711807288	2.3518964553659316e-11	24.00877571105957	
0	9155	19822	16.849808179318867	16.849808179368157	0.7365459606638937	0.7365459606367953	2.709832358505082e-11	18.189552307128906	
0	5292	30779	154.27530728242107	154.27530728241817	1.8676826153843367	1.8676826153844899	1.532107773982716e-13	189.70645141601562	
0	6912	20828	27.62651625778536	27.626516257785052	1.189215165892651	1.18921516589275	9.880984919163893e-14	31.3553409576416	
0	9931	26481	35.076387211242285	35.07638721132161	1.4123695668989025	1.4123695668794813	1.9421131369767863e-11	40.845245361328125	
0	18620	43729	54.1543793211191	54.154379321119414	1.6463749667941234	1.6463749667940757	4.773959005888173e-14	64.82740020751953	
0	7262	20322	61.66828592054522	61.66828592054571	1.6328154749633543	1.6328154749632877	6.661338147750939e-14	73.70255279541016	
0	15202	26386	11.371543137914882	11.371543137914356	0.6702418824331914	0.6702418824336233	4.318767565791859e-13	12.188465118408203	
0	7853	33887	43.6794281220914	43.67942812208972	1.6134795716398247	1.6134795716401489	3.241851231905457e-13	52.0828971862793	
0	9143	38404	175.18903698761952	175.18903698765115	1.9165719393412577	1.9165719393397977	1.4599432773820809e-12	216.72616577148438	
0	7056	24062	17.819500473221108	17.819500507927607	0.9902109768254643	0.9902109592773725	1.7548091868491156e-08	19.77793312072754	
0	18259	24414	17.75583739951251	17.75583739951232	1.1293921478178406	1.1293921478179372	9.658940314238862e-14	20.016483306884766	
0	5032	38027	31.83434440579503	31.834344405799612	1.475208794171671	1.4752087941704441	1.226796442210798e-12	37.34325408935547	
0	6967	32608	36.92210238719651	36.92210238719582	1.5684360417308112	1.5684360417309677	1.5654144647214707e-13	43.79033660888672	
0	3859	23392	7.811618599811251	7.808189819394934	-0.5709693937270012	-0.5663294420478994	0.004639951679101806	7.389689922332764	
0	17863	31557	186.5306849410794	186.5306849410618	1.922373904956533	1.9223739049572957	7.627232179174825e-13	230.9226531982422	
0	17671	22991	77.64879394115488	77.64879394115377	1.7355814214172431	1.7355814214173608	1.176836406102666e-13	93.9555435180664	
0	5082	32764	9.845390529162831	8465.354127311977	9.99069379327578	1.998251844945787	7.992441948329993	10579.380859375	
0	18507	39289	22.59886396312232	22.598863963123403	1.1013853551830246	1.1013853551825983	4.263256414560601e-13	25.39593505859375	
0	9527	19503	43.890784722205254	43.890784722204394	1.643073055384851	1.6430730553850152	1.6431300764452317e-13	52.52024459838867	
0	17047	21717	21.642498329494746	21.642499749243193	1.2059730734957887	1.2059724966073961	5.768883926116075e-07	24.61045265197754	
0	15515	40747	26.341405237051674	26.341405237051255	1.3045153243127086	1.3045153243128473	1.3877787807814457e-13	30.29319953918457	
0	12755	23546	10.10845312421575	10.108452656616358	0.3567500701420146	0.35675051622191983	4.46079905236374e-07	10.482413291931152	
0	11461	20005	6.701924598074369	6.701460894379171	-0.749446139556529	-0.7487023893362289	0.0007437502203000435	6.2346696853637695	
0	7523	29133	11.771314920673667	11.770239469146118	0.25472919866083693	0.2556195466330314	0.0008903479721944496	12.079002380371094	
0	7100	25109	24.673266391471312	24.673266391471287	1.2374126631149243	1.2374126631149331	8.881784197001252e-15	28.157512664794922	
0	12853	34201	550.1632331602306	550.1632331602959	1.9688951061991504	1.9688951061981967	9.536815781530095e-13	685.04052734375	
0	9857	22495	18.81055429877146	18.81055429877144	1.0398335369274327	1.0398335369274427	9.992007221626409e-15	20.993532180786133	
0	7895	26475	195.42812325519895	195.42812325519654	1.9152339832631253	1.9152339832632252	9.992007221626409e-14	241.72390747070312	
0	7494	21057	17.70458924991736	17.70458925362733	0.993955816076755	0.9939558141895524	1.8872026164018507e-09	19.6585636138916	
0	15920	39098	61.31531755954152	61.31531755954207	1.6111754008167138	1.6111754008166383	7.549516567451064e-14	73.09166717529297	
0	14084	43959	468.50566634930163	468.50588453623146	1.963108982457607	1.9631052396115694	3.742846037546599e-06	582.9439086914062	
0	15291	35271	9.169393481994277	9.169031104024535	0.1966431570569938	0.19703058950346636	0.0003874324464725465	9.353320121765137	
0	8925	23556	14.852701548933014	14.85270154893301	0.8775326760280169	0.8775326760280191	2.220446049250313e-15	16.281452178955078	
0	5195	21650	151.37728140985695	151.37728140986127	1.9039626607612097	1.9039626607609788	2.3092638912203256e-13	186.9770050048828	
0	14928	19694	20.101443237344903	20.101443237345105	1.2495298667312162	1.2495298667311285	8.770761894538737e-14	22.971843719482422	
0	6328	35087	27.863904329880764	27.86390432988048	1.5257272430296436	1.5257272430297302	8.659739592076221e-14	32.880584716796875	
0	15945	25189	72.71919111408229	72.71919113350033	1.7332203240388326	1.733220321831374	2.207458660308248e-09	87.96556091308594	
0	11848	28536	23.284921798063056	23.28492179806273	1.3035284026352958	1.3035284026354168	1.2101430968414206e-13	26.775136947631836	
0	6144	23964	18.6206973291292	18.620697329128845	0.9916584730857361	0.9916584730859082	1.7208456881689926e-13	20.67050552368164	
0	6185	41417	159.67165466458036	159.67165466915824	1.8793421331756082	1.8793421329427833	2.3282487049414158e-10	196.62403869628906	
0	3127	26169	17.02294688766216	17.02294688766218	0.9381072441023655	0.9381072441023566	8.881784197001252e-15	18.785200119018555	
0	12768	43928	10.688118663556802	10.686222740080268	0.03029551692385169	0.03206400372480989	0.0017684868009582022	10.720597267150879	
0	16502	35996	12.443887243176343	12.443873934785339	0.455167551935436	0.45517775986803855	1.0207932602535053e-05	13.03730297088623	
0	6634	43937	6.865917093900762	6.863878430240925	-0.45325509037777334	-0.4501512557423838	0.0031038346353895463	6.568209648132324	
0	18039	38741	18.049014875868856	18.049014875869066	0.9361417584434575	0.9361417584433531	1.0436096431476471e-13	19.913169860839844	
0	14663	28731	15.582587730100045	15.582540756892357	0.4881670239563175	0.48819569706976995	2.8673113452448717e-05	16.3823184967041	
0	14496	25280	8.837297324443162	8.836930299592598	-0.31918649800423365	-0.31875792830206034	0.00042856970217330925	8.563947677612305	
0	16588	27056	153.5235338996281	153.5235338996349	1.9069612991518097	1.90696129915145	3.597122599785507e-13	189.69825744628906	
0	6818	35082	23.995868307859876	23.995868307859798	1.3774680254337015	1.3774680254337293	2.7755575615628914e-14	27.829259872436523	
0	5028	22708	238.93277135499864	238.9327713550089	1.9285385844731189	1.9285385844727725	3.4638958368304884e-13	296.0216979980469	
0	7829	30941	19.129501515106796	19.129501515462273	0.984482723587399	0.9844827234198663	1.6753265441593612e-10	21.21841812133789	
0	15388	30653	17.61779734020389	17.617588645959973	0.5535205421654122	0.5536324418456074	0.00011189968019520435	18.65011978149414	
0	8386	34326	20.872818651682046	20.872818651681598	1.0480860659940108	1.0480860659942028	1.9206858326015208e-13	23.316598892211914	
0	13218	37615	63.721527165983446	63.721527165983986	1.7228654483555588	1.7228654483554888	6.994405055138486e-14	76.9850082397461	
0	13411	23657	4.300534884115667	4.299814391604697	-2.1452913294806124	-2.143256561322178	0.002034768158434286	3.540907144546509	
0	5553	27058	9.587980440971494	9.587706442412955	0.0637962581256424	0.06408020796464965	0.0002839498390072581	9.649540901184082	
0	9437	35107	22.657973532849145	22.6579735328489	1.3514169491220098	1.3514169491221042	9.43689570931383e-14	26.1984806060791	
0	7573	28799	29.107468263775104	29.10746826377558	1.2498626353740319	1.2498626353738886	1.432187701766452e-13	33.26515579223633	
0	7006	40091	8.570076598334797	8.565302764448829	-0.28988366732699117	-0.2841518404558863	0.00573182687110485	8.328642845153809	
0	5334	22192	22.176241942326666	22.176241942326634	1.0572328210436568	1.0572328210436701	1.3322676295501878e-14	24.797964096069336	
0	16322	27857	122.89905941583004	122.89905941583928	1.8641398890601917	1.86413988905958	6.117328865684613e-13	151.0584716796875	
